#N canvas 0 23 1440 799 12;
#X obj 276 176 inlet;
#X obj 462 157 inlet;
#X obj 197 459 cos~;
#X obj 197 380 *~;
#X obj 255 459 cos~;
#X obj 312 390 wrap~;
#X obj 276 390 -~;
#X obj 255 436 +~;
#X obj 254 501 -~;
#X obj 294 531 *~;
#X obj 276 559 +~;
#X obj 276 358 samphold~;
#X obj 276 225 line~;
#X obj 276 202 pack 0 50;
#X floatatom 462 219 4 0 127 0 - - -;
#X obj 462 290 line~;
#X obj 385 430 *~;
#X obj 462 267 pack 0 50;
#N canvas 270 258 499 360 make-table 0;
#X msg 74 33 bang;
#X obj 74 62 t b b;
#X obj 152 131 f;
#X obj 190 131 + 1;
#X msg 170 101 0;
#X obj 74 91 until;
#X obj 152 166 t f f;
#X obj 50 245 expr exp(-$f1*$f1);
#X obj 86 157 sel 199;
#X obj 50 216 expr ($f1-100)/25;
#N canvas 0 0 450 300 (subpatch) 0;
#X array \$0-bell-curve 200 float 1;
#A 0 1.12535e-07 1.54727e-07 2.12059e-07 2.89706e-07 3.94519e-07 5.35535e-07
7.24633e-07 9.77371e-07 1.31404e-06 1.76105e-06 2.35258e-06 3.13275e-06
4.15832e-06 5.50199e-06 7.25659e-06 9.54016e-06 1.25023e-05 1.63317e-05
2.1266e-05 2.76026e-05 3.57128e-05 4.60584e-05 5.92113e-05 7.58768e-05
9.69224e-05 0.00012341 0.000156634 0.000198167 0.000249912 0.000314163
0.000393669 0.000491721 0.000612231 0.000759842 0.000940028 0.00115923
0.00142498 0.00174605 0.00213263 0.00259648 0.00315111 0.00381201 0.00459678
0.0055254 0.0066204 0.00790705 0.0094136 0.0111714 0.013215 0.0155826
0.0183156 0.0214592 0.0250621 0.0291763 0.0338573 0.0391639 0.0451575
0.0519019 0.0594631 0.0679081 0.0773047 0.0877205 0.0992216 0.111872
0.125732 0.140858 0.1573 0.1751 0.194291 0.214896 0.236928 0.260383
0.285247 0.311486 0.339053 0.367879 0.397882 0.428956 0.46098 0.493812
0.527292 0.561244 0.595473 0.62977 0.663916 0.697676 0.730811 0.763074
0.794216 0.823987 0.852144 0.878447 0.902668 0.924595 0.944027 0.960789
0.974725 0.985703 0.99362 0.998401 1 0.998401 0.99362 0.985703 0.974725
0.960789 0.944027 0.924595 0.902668 0.878447 0.852144 0.823987 0.794216
0.763074 0.730811 0.697676 0.663916 0.62977 0.595473 0.561244 0.527292
0.493812 0.46098 0.428956 0.397882 0.367879 0.339053 0.311486 0.285247
0.260383 0.236928 0.214896 0.194291 0.1751 0.1573 0.140858 0.125732
0.111872 0.0992216 0.0877205 0.0773047 0.0679081 0.0594631 0.0519019
0.0451575 0.0391639 0.0338573 0.0291763 0.0250621 0.0214592 0.0183156
0.0155826 0.013215 0.0111714 0.0094136 0.00790705 0.0066204 0.0055254
0.00459678 0.00381201 0.00315111 0.00259648 0.00213263 0.00174605 0.00142498
0.00115923 0.000940028 0.000759842 0.000612231 0.000491721 0.000393669
0.000314163 0.000249912 0.000198167 0.000156634 0.00012341 9.69224e-05
7.58768e-05 5.92113e-05 4.60584e-05 3.57128e-05 2.76026e-05 2.1266e-05
1.63317e-05 1.25023e-05 9.54016e-06 7.25659e-06 5.50199e-06 4.15832e-06
3.13275e-06 2.35258e-06 1.76105e-06 1.31404e-06 9.77371e-07 7.24633e-07
5.35535e-07 3.94519e-07 2.89706e-07 2.12059e-07 1.54727e-07;
#X coords 0 1 199 0 200 140 1 0 0;
#X restore 253 106 graph;
#X obj 54 281 tabwrite \$0-bell-curve;
#X connect 0 0 1 0;
#X connect 1 0 5 0;
#X connect 1 1 4 0;
#X connect 2 0 3 0;
#X connect 2 0 6 0;
#X connect 2 0 8 0;
#X connect 3 0 2 1;
#X connect 4 0 2 1;
#X connect 5 0 2 0;
#X connect 6 0 9 0;
#X connect 6 1 11 1;
#X connect 7 0 11 0;
#X connect 8 0 5 1;
#X connect 9 0 7 0;
#X restore 52 725 pd make-table;
#X obj 375 398 cos~;
#X obj 375 373 -~ 0.25;
#X obj 385 456 +~ 100;
#X obj 295 589 *~;
#X text 394 506 waveshaper;
#X obj 326 253 expr 1/$f1;
#X obj 276 277 *~;
#X obj 462 326 *~;
#X obj 462 350 *~ 25;
#X text 502 325 divide by fundamental;
#X text 520 349 range for table;
#X text 440 454 offset to middle of table;
#X text 283 296 C.F. relative;
#X text 284 312 to fundamental;
#X text 331 587 ring mod;
#X obj 375 348 *~ 0.5;
#X obj 199 109 phasor~;
#X obj 200 54 inlet;
#X text 7 55 fundamental frequency inlet;
#X obj 294 757 outlet~;
#X obj 294 693 hip~ 5;
#X text 146 176 center frequency 1;
#X text 381 156 bandwidth 1;
#X obj 731 178 inlet;
#X obj 917 159 inlet;
#X obj 652 461 cos~;
#X obj 652 382 *~;
#X obj 710 461 cos~;
#X obj 767 392 wrap~;
#X obj 731 392 -~;
#X obj 710 438 +~;
#X obj 709 503 -~;
#X obj 749 533 *~;
#X obj 731 561 +~;
#X obj 731 360 samphold~;
#X obj 731 227 line~;
#X obj 731 204 pack 0 50;
#X floatatom 917 221 4 0 127 0 - - -;
#X obj 917 292 line~;
#X obj 840 432 *~;
#X obj 917 269 pack 0 50;
#X obj 830 400 cos~;
#X obj 830 375 -~ 0.25;
#X obj 840 458 +~ 100;
#X obj 750 591 *~;
#X text 849 508 waveshaper;
#X obj 764 255 expr 1/$f1;
#X obj 731 279 *~;
#X obj 917 328 *~;
#X obj 917 352 *~ 25;
#X text 957 327 divide by fundamental;
#X text 975 351 range for table;
#X text 895 456 offset to middle of table;
#X text 738 298 C.F. relative;
#X text 739 314 to fundamental;
#X text 786 589 ring mod;
#X obj 830 350 *~ 0.5;
#X text 601 179 center frequency 2;
#X obj 1197 182 inlet;
#X obj 1383 163 inlet;
#X obj 1118 465 cos~;
#X obj 1118 386 *~;
#X obj 1176 465 cos~;
#X obj 1233 396 wrap~;
#X obj 1197 396 -~;
#X obj 1176 442 +~;
#X obj 1175 507 -~;
#X obj 1215 537 *~;
#X obj 1197 565 +~;
#X obj 1197 364 samphold~;
#X obj 1197 231 line~;
#X obj 1197 208 pack 0 50;
#X floatatom 1383 225 4 0 127 0 - - -;
#X obj 1383 296 line~;
#X obj 1306 436 *~;
#X obj 1383 273 pack 0 50;
#X obj 1296 404 cos~;
#X obj 1296 379 -~ 0.25;
#X obj 1306 462 +~ 100;
#X obj 1216 595 *~;
#X text 1315 512 waveshaper;
#X obj 1215 259 expr 1/$f1;
#X obj 1197 283 *~;
#X obj 1383 332 *~;
#X obj 1383 356 *~ 25;
#X text 1423 331 divide by fundamental;
#X text 1441 355 range for table;
#X text 1361 460 offset to middle of table;
#X text 1204 302 C.F. relative;
#X text 1205 318 to fundamental;
#X text 1252 593 ring mod;
#X obj 1296 354 *~ 0.5;
#X text 1302 162 bandwidth 3;
#X text 1067 183 center frequency 3;
#X text 836 158 bandwidth 2;
#X obj 295 658 *~;
#X obj 326 658 line~;
#X obj 326 637 pack f 10;
#X obj 546 48 inlet;
#X text 465 48 amplitude 1;
#X obj 1000 94 inlet;
#X obj 750 651 *~;
#X obj 781 651 line~;
#X obj 781 630 pack f 10;
#X text 919 94 amplitude 2;
#X obj 1216 648 *~;
#X obj 1247 648 line~;
#X obj 1247 627 pack f 10;
#X obj 1490 117 inlet;
#X text 1409 117 amplitude 3;
#X obj 294 716 *~ 0.1;
#X obj 462 597 + 100;
#X obj 462 624 dbtorms;
#X obj 462 572 line;
#X obj 462 547 pack f 100;
#X obj 904 592 + 100;
#X obj 904 619 dbtorms;
#X obj 904 567 line;
#X obj 904 542 pack f 100;
#X floatatom 899 644 5 0 0 0 - - -;
#X obj 1372 605 + 100;
#X obj 1372 632 dbtorms;
#X obj 1372 580 line;
#X obj 1372 555 pack f 100;
#X floatatom 1367 657 5 0 0 0 - - -;
#X floatatom 463 644 5 0 0 0 - - -;
#X obj 375 744 outlet~;
#X obj 451 741 outlet~;
#X obj 385 479 tabread4~ \$0-bell-curve;
#X obj 841 481 tabread4~ \$0-bell-curve;
#X obj 1306 485 tabread4~ \$0-bell-curve;
#X obj 275 132 s~ \$0-phase;
#X obj 652 133 r~ \$0-phase;
#X obj 1102 136 r~ \$0-phase;
#X obj 373 698 hip~ 5;
#X obj 373 721 *~ 0.1;
#X obj 452 697 hip~ 5;
#X obj 452 720 *~ 0.1;
#X connect 0 0 13 0;
#X connect 1 0 14 0;
#X connect 2 0 8 1;
#X connect 2 0 10 0;
#X connect 3 0 7 0;
#X connect 3 0 2 0;
#X connect 4 0 8 0;
#X connect 5 0 6 1;
#X connect 5 0 9 1;
#X connect 6 0 3 1;
#X connect 7 0 4 0;
#X connect 8 0 9 0;
#X connect 9 0 10 1;
#X connect 10 0 22 0;
#X connect 11 0 6 0;
#X connect 11 0 5 0;
#X connect 12 0 25 0;
#X connect 13 0 12 0;
#X connect 14 0 17 0;
#X connect 15 0 26 0;
#X connect 16 0 21 0;
#X connect 17 0 15 0;
#X connect 19 0 16 0;
#X connect 20 0 19 0;
#X connect 21 0 147 0;
#X connect 22 0 114 0;
#X connect 24 0 25 1;
#X connect 24 0 26 1;
#X connect 25 0 11 0;
#X connect 26 0 27 0;
#X connect 27 0 16 1;
#X connect 34 0 20 0;
#X connect 35 0 3 0;
#X connect 35 0 7 1;
#X connect 35 0 11 1;
#X connect 35 0 34 0;
#X connect 35 0 150 0;
#X connect 36 0 35 0;
#X connect 36 0 24 0;
#X connect 36 0 65 0;
#X connect 36 0 100 0;
#X connect 39 0 129 0;
#X connect 42 0 55 0;
#X connect 43 0 56 0;
#X connect 44 0 50 1;
#X connect 44 0 52 0;
#X connect 45 0 49 0;
#X connect 45 0 44 0;
#X connect 46 0 50 0;
#X connect 47 0 48 1;
#X connect 47 0 51 1;
#X connect 48 0 45 1;
#X connect 49 0 46 0;
#X connect 50 0 51 0;
#X connect 51 0 52 1;
#X connect 52 0 63 0;
#X connect 53 0 48 0;
#X connect 53 0 47 0;
#X connect 54 0 66 0;
#X connect 55 0 54 0;
#X connect 56 0 59 0;
#X connect 57 0 67 0;
#X connect 58 0 62 0;
#X connect 59 0 57 0;
#X connect 60 0 58 0;
#X connect 61 0 60 0;
#X connect 62 0 148 0;
#X connect 63 0 120 0;
#X connect 65 0 66 1;
#X connect 65 0 67 1;
#X connect 66 0 53 0;
#X connect 67 0 68 0;
#X connect 68 0 58 1;
#X connect 75 0 61 0;
#X connect 77 0 90 0;
#X connect 78 0 91 0;
#X connect 79 0 85 1;
#X connect 79 0 87 0;
#X connect 80 0 84 0;
#X connect 80 0 79 0;
#X connect 81 0 85 0;
#X connect 82 0 83 1;
#X connect 82 0 86 1;
#X connect 83 0 80 1;
#X connect 84 0 81 0;
#X connect 85 0 86 0;
#X connect 86 0 87 1;
#X connect 87 0 98 0;
#X connect 88 0 83 0;
#X connect 88 0 82 0;
#X connect 89 0 101 0;
#X connect 90 0 89 0;
#X connect 91 0 94 0;
#X connect 92 0 102 0;
#X connect 93 0 97 0;
#X connect 94 0 92 0;
#X connect 95 0 93 0;
#X connect 96 0 95 0;
#X connect 97 0 149 0;
#X connect 98 0 124 0;
#X connect 100 0 101 1;
#X connect 100 0 102 1;
#X connect 101 0 88 0;
#X connect 102 0 103 0;
#X connect 103 0 93 1;
#X connect 110 0 96 0;
#X connect 114 0 39 0;
#X connect 115 0 114 1;
#X connect 116 0 115 0;
#X connect 117 0 133 0;
#X connect 119 0 137 0;
#X connect 120 0 153 0;
#X connect 121 0 120 1;
#X connect 122 0 121 0;
#X connect 124 0 155 0;
#X connect 125 0 124 1;
#X connect 126 0 125 0;
#X connect 127 0 142 0;
#X connect 129 0 38 0;
#X connect 130 0 131 0;
#X connect 131 0 144 0;
#X connect 132 0 130 0;
#X connect 133 0 132 0;
#X connect 134 0 135 0;
#X connect 135 0 138 0;
#X connect 136 0 134 0;
#X connect 137 0 136 0;
#X connect 138 0 122 0;
#X connect 139 0 140 0;
#X connect 140 0 143 0;
#X connect 141 0 139 0;
#X connect 142 0 141 0;
#X connect 143 0 126 0;
#X connect 144 0 116 0;
#X connect 147 0 22 1;
#X connect 148 0 63 1;
#X connect 149 0 98 1;
#X connect 151 0 45 0;
#X connect 151 0 53 1;
#X connect 151 0 75 0;
#X connect 151 0 49 1;
#X connect 152 0 80 0;
#X connect 152 0 84 1;
#X connect 152 0 88 1;
#X connect 152 0 110 0;
#X connect 153 0 154 0;
#X connect 154 0 145 0;
#X connect 155 0 156 0;
#X connect 156 0 146 0;
